     K-mer   Value  Godel_number       Entropy
0     tccw       1      8.188689  8.329725e-07
1     ccwa       1      5.192957  8.329725e-07
2     watc       1      8.306472  8.329725e-07
3     argc       1      7.207860  8.329725e-07
4     rgcc       1      7.495542  8.329725e-07
5     tack       1      7.090077  8.329725e-07
6     ackg       1      7.718685  8.329725e-07
7     ckga       1      6.291569  8.329725e-07
8     kgac       1      6.396930  8.329725e-07
9     tgyg       1     10.896739  8.329725e-07
10    gygt       1     11.813030  8.329725e-07
11    ngan       1      3.178054  8.329725e-07
12    gnga       1      6.984716  8.329725e-07
13    ctak       1      7.390181  8.329725e-07
14    takg       1      8.699515  8.329725e-07
15    akgg       1      8.817298  8.329725e-07
16    kgga       1      6.984716  8.329725e-07
17    atgk       1      9.915910  8.329725e-07
18    tgka       1      7.677864  8.329725e-07
19    gkaa       1      4.787492  8.329725e-07
20    kaag       1      6.620073  8.329725e-07
21    cchw       1      3.583519  8.329725e-07
22    chwy       1      1.386294  8.329725e-07
23    hwyh       1      0.000000  8.329725e-07
24    wyha       1      0.693147  8.329725e-07
25    yhaa       1      1.791759  8.329725e-07
26    tgar       1      7.677864  8.329725e-07
27    garg       1      8.006368  8.329725e-07
28    argg       1      8.817298  8.329725e-07
29    rggc       1      8.594154  8.329725e-07
30    gtar       1      8.083329  8.329725e-07
31    tarr       1      3.871201  8.329725e-07
32    arrs       1      0.693147  8.329725e-07
33    rrsg       1      2.079442  8.329725e-07
34    rsga       1      3.178054  8.329725e-07
35    sgaa       1      4.787492  8.329725e-07
36    acyt       1      9.328123  8.329725e-07
37    cytc       1      8.999619  8.329725e-07
38    antn       1      5.087596  8.329725e-07
39    nggn       1      5.375278  8.329725e-07
40    agyc       1      7.207860  8.329725e-07
41    gyct       1     10.714418  8.329725e-07
42    yctg       1     10.609057  8.329725e-07
43    gctk       1     10.714418  8.329725e-07
44    ctkc       1      8.999619  8.329725e-07
45    cnan       1      2.484907  8.329725e-07
46    gtna       1      8.083329  8.329725e-07
47    gcnt       1     10.714418  8.329725e-07
48    anga       1      5.598422  8.329725e-07
49    agna       1      5.598422  8.329725e-07
50    htth       1      7.167038  8.329725e-07
51    nccc       1      6.802395  8.329725e-07
52    ygtc       1      9.692767  8.329725e-07
53    ayta       1      6.697034  8.329725e-07
54    tagy       1      8.699515  8.329725e-07
55    agya       1      5.598422  8.329725e-07
56    gyag       1      8.006368  8.329725e-07
57    atay       1      6.697034  8.329725e-07
58    agtk       1     10.426736  8.329725e-07
59    ggtk       1     11.813030  8.329725e-07
60    tntc       1     10.385914  8.329725e-07
61    acnc       1      6.109248  8.329725e-07
62    cntn       1      5.780744  8.329725e-07
63    ntna       1      3.871201  8.329725e-07
64    ancc       1      6.109248  8.329725e-07
65    tggk       1     10.896739  8.329725e-07
66    ggkt       1     11.813030  8.329725e-07
67    gktg       1     11.302204  8.329725e-07
68    ktgg       1     10.896739  8.329725e-07
69    ngtn       1      6.473891  8.329725e-07
70    natn       1      5.087596  8.329725e-07
71    nanc       1      2.890372  8.329725e-07
72    tatk       1     10.308953  8.329725e-07
73    atka       1      6.697034  8.329725e-07
74    caam       1      4.094345  8.329725e-07
75    aamg       1      6.620073  8.329725e-07
76    amgg       1      8.817298  8.329725e-07
77    mggc       1      8.594154  8.329725e-07
78    caya       1      4.094345  8.329725e-07
79    crac       1      5.703782  8.329725e-07
80    ract       1      9.328123  8.329725e-07
81    ttcs       1     10.385914  8.329725e-07
82    tcsc       1      8.188689  8.329725e-07
83    csca       1      5.192957  8.329725e-07
84    scag       1      7.313220  8.329725e-07
85    cawt       1      8.922658  8.329725e-07
86    awtc       1      8.306472  8.329725e-07
87    cccn       1      6.802395  8.329725e-07
88    ttnc       1     10.385914  8.329725e-07
89    nacg       1      7.718685  8.329725e-07
90    aatr       1      8.229511  8.329725e-07
91    atra       1      6.697034  8.329725e-07
92    traa       1      5.480639  8.329725e-07
93    atcy       1      8.306472  8.329725e-07
94    ctya       1      7.390181  8.329725e-07
95    ggwt       1     11.813030  8.329725e-07
96    gwtt       1     12.911642  8.329725e-07
97    wtta       1      8.776476  8.329725e-07
98    accw       1      6.109248  8.329725e-07
99    ccwg       1      8.411833  8.329725e-07
100   cwga       1      6.291569  8.329725e-07
101   wgag       1      8.006368  8.329725e-07
102   tayg       1      8.699515  8.329725e-07
103   ygtg       1     11.302204  8.329725e-07
104   cagk       1      7.313220  8.329725e-07
105   agka       1      5.598422  8.329725e-07
106   gkac       1      6.396930  8.329725e-07
107   kaca       1      4.499810  8.329725e-07
108   ttyg       1     11.995352  8.329725e-07
109   tcnt       1     11.407565  8.329725e-07
110   cntc       1      8.999619  8.329725e-07
111   cctw       1     10.021271  8.329725e-07
112   ctwc       1      8.999619  8.329725e-07
113   twca       1      6.579251  8.329725e-07
114   wcat       1      8.922658  8.329725e-07
115   gcas       1      5.886104  8.329725e-07
116   astg       1      9.915910  8.329725e-07
117   stgg       1     10.896739  8.329725e-07
118   ntan       1      3.871201  8.329725e-07
119   nagn       1      3.988984  8.329725e-07
120   aaay       1      3.401197  8.329725e-07
121   ayac       1      5.010635  8.329725e-07
122   ggrg       1     10.203592  8.329725e-07
123   grgt       1     11.813030  8.329725e-07
124   rgtc       1      9.692767  8.329725e-07
125   acgy       1      7.718685  8.329725e-07
126   cgya       1      6.291569  8.329725e-07
127   gyaa       1      4.787492  8.329725e-07
128   yaag       1      6.620073  8.329725e-07
129   rctt       1     12.218495  8.329725e-07
130   ttts       1     13.604790  8.329725e-07
131   tscc       1      8.188689  8.329725e-07
132   scct       1     10.021271  8.329725e-07
133   tagw       1      8.699515  8.329725e-07
134   agwg       1      8.817298  8.329725e-07
135   gwgt       1     11.813030  8.329725e-07
136   wgtg       1     11.302204  8.329725e-07
137   tyga       1      7.677864  8.329725e-07
138   ygat       1      9.615805  8.329725e-07
139   gaya       1      4.787492  8.329725e-07
140   yaac       1      5.010635  8.329725e-07
141   gang       1      8.006368  8.329725e-07
142   ctyt       1     12.218495  8.329725e-07
143   grcc       1      7.495542  8.329725e-07
144   rcct       1     10.021271  8.329725e-07
145   cgan       1      6.291569  8.329725e-07
146   aayg       1      6.620073  8.329725e-07
147   gatr       1      9.615805  8.329725e-07
148   trct       1     11.407565  8.329725e-07
149   ccas       1      5.192957  8.329725e-07
150   casa       1      4.094345  8.329725e-07
151   asag       1      6.620073  8.329725e-07
152   sagc       1      7.207860  8.329725e-07
153   tcak       1      6.579251  8.329725e-07
154   kagc       1      7.207860  8.329725e-07
155   yagg       1      8.817298  8.329725e-07
156   gcar       1      5.886104  8.329725e-07
157   cart       1      8.922658  8.329725e-07
158   arta       1      6.697034  8.329725e-07
159   rtag       1      8.699515  8.329725e-07
160   aags       1      6.620073  8.329725e-07
161   agsg       1      8.817298  8.329725e-07
162   gsgt       1     11.813030  8.329725e-07
163   sgtt       1     12.911642  8.329725e-07
164   gacw       1      6.396930  8.329725e-07
165   acwa       1      4.499810  8.329725e-07
166   watt       1     11.525348  8.329725e-07
167   atts       1     11.525348  8.329725e-07
168   tsct       1     11.407565  8.329725e-07
169   scta       1      7.390181  8.329725e-07
170   ggtw       1     11.813030  8.329725e-07
171   gtwt       1     12.911642  8.329725e-07
172   twta       1      8.776476  8.329725e-07
173   wtaw       1      3.871201  8.329725e-07
174   tawa       1      5.480639  8.329725e-07
175   awac       1      5.010635  8.329725e-07
176   wacc       1      6.109248  8.329725e-07
177   actr       1      9.328123  8.329725e-07
178   ctrt       1     12.218495  8.329725e-07
179   trtt       1     13.604790  8.329725e-07
180   rttc       1     10.385914  8.329725e-07
181   wcca       1      5.192957  8.329725e-07
182   attm       1     11.525348  8.329725e-07
183   ttmt       1     13.604790  8.329725e-07
184   tmtn       1      7.167038  8.329725e-07
185   mtnn       1      2.772589  8.329725e-07
186   ctam       1      7.390181  8.329725e-07
187   tama       1      5.480639  8.329725e-07
188   atar       1      6.697034  8.329725e-07
189   tara       1      5.480639  8.329725e-07
190   raat       1      8.229511  8.329725e-07
191   anah       1      1.791759  8.329725e-07
192   naha       1      1.791759  8.329725e-07
193   gytg       1     11.302204  8.329725e-07
194   ggck       1      8.594154  8.329725e-07
195   gckg       1      9.104980  8.329725e-07
196   ckgt       1     11.119883  8.329725e-07
197   kgtg       1     11.302204  8.329725e-07
198   agam       1      5.598422  8.329725e-07
199   maac       1      5.010635  8.329725e-07
200   yaga       1      5.598422  8.329725e-07
201   gacs       1      6.396930  8.329725e-07
202   acsn       1      2.890372  8.329725e-07
203   csnn       1      1.386294  8.329725e-07
204   snnn       1      0.000000  8.329725e-07
205   rgac       1      6.396930  8.329725e-07
206   ctng       1     10.609057  8.329725e-07
207   atnc       1      8.306472  8.329725e-07
208   ncgg       1      9.510445  8.329725e-07
209   ggna       1      6.984716  8.329725e-07
210   gnac       1      6.396930  8.329725e-07
211   ncan       1      2.484907  8.329725e-07
212   tcng       1      9.798127  8.329725e-07
213   ttth       1     13.604790  8.329725e-07
214   cttk       1     12.218495  8.329725e-07
215   ttka       1      8.776476  8.329725e-07
216   cang       1      7.313220  8.329725e-07
217   angc       1      7.207860  8.329725e-07
218   agts       1     10.426736  8.329725e-07
219   gtsc       1      9.692767  8.329725e-07
220   tsca       1      6.579251  8.329725e-07
221   scaa       1      4.094345  8.329725e-07
222   tnga       1      7.677864  8.329725e-07
223   cnnc       1      3.583519  8.329725e-07
224   caar       1      4.094345  8.329725e-07
225   aarc       1      5.010635  8.329725e-07
226   arct       1      9.328123  8.329725e-07
227   acra       1      4.499810  8.329725e-07
228   crat       1      8.922658  8.329725e-07
229   ratt       1     11.525348  8.329725e-07
230   tats       1     10.308953  8.329725e-07
231   atsg       1      9.915910  8.329725e-07
232   tsga       1      7.677864  8.329725e-07
233   sgac       1      6.396930  8.329725e-07
234   nctn       1      5.780744  8.329725e-07
235   nagt       1     10.426736  8.329725e-07
236   gnag       1      8.006368  8.329725e-07
237   cgtn       1     11.119883  8.329725e-07
238   tttr       1     13.604790  8.329725e-07
239   ttrt       1     13.604790  8.329725e-07
240   trta       1      8.776476  8.329725e-07
241   rtac       1      7.090077  8.329725e-07
242   tctk       1     11.407565  8.329725e-07
243   ctkt       1     12.218495  8.329725e-07
244   tkta       1      8.776476  8.329725e-07
245   gacy       1      6.396930  8.329725e-07
246   gyat       1      9.615805  8.329725e-07
247   catr       1      8.922658  8.329725e-07
248   trca       1      6.579251  8.329725e-07
249   rcag       1      7.313220  8.329725e-07
250   wcct       1     10.021271  8.329725e-07
251   aaav       1      3.401197  8.329725e-07
252   aava       1      3.401197  8.329725e-07
253   avaa       1      3.401197  8.329725e-07
254   vaar       1      1.791759  8.329725e-07
255   tacy       1      7.090077  8.329725e-07
256   tttm       1     13.604790  8.329725e-07
257   ttmc       1     10.385914  8.329725e-07
258   tmcc       1      8.188689  8.329725e-07
259   mcct       1     10.021271  8.329725e-07
260   aygg       1      8.817298  8.329725e-07
261   ygga       1      6.984716  8.329725e-07
262   taak       1      5.480639  8.329725e-07
263   akaa       1      3.401197  8.329725e-07
264   kaaa       1      3.401197  8.329725e-07
265   tgnc       1      9.287301  8.329725e-07
266   ccna       1      5.192957  8.329725e-07
267   tcna       1      6.579251  8.329725e-07
268   gcnc       1      7.495542  8.329725e-07
269   cnct       1     10.021271  8.329725e-07
270   gngn       1      5.375278  8.329725e-07
271   ntcn       1      4.969813  8.329725e-07
272   gtgy       1     11.302204  8.329725e-07
273   gyac       1      6.396930  8.329725e-07
274   yacc       1      6.109248  8.329725e-07
275   aatk       1      8.229511  8.329725e-07
276   atkc       1      8.306472  8.329725e-07
277   gcya       1      5.886104  8.329725e-07
278   gntn       1      6.473891  8.329725e-07
279   tnan       1      3.871201  8.329725e-07
280   angn       1      3.988984  8.329725e-07
281   annc       1      2.890372  8.329725e-07
282   ncnc       1      3.583519  8.329725e-07
283   acgn       1      7.718685  8.329725e-07
284   gnta       1      8.083329  8.329725e-07
285   ncna       1      2.484907  8.329725e-07
286   tncn       1      4.969813  8.329725e-07
287   cant       1      8.922658  8.329725e-07
288   gtty       1     12.911642  8.329725e-07
289   anad       1      1.791759  8.329725e-07
290   nada       1      1.791759  8.329725e-07
291   gggy       1     10.203592  8.329725e-07
292   ggyt       1     11.813030  8.329725e-07
293   atch       1      8.306472  8.329725e-07
294   tcha       1      6.579251  8.329725e-07
295   chaa       1      4.094345  8.329725e-07
296   acgk       1      7.718685  8.329725e-07
297   cgkt       1     11.119883  8.329725e-07
298   gktc       1      9.692767  8.329725e-07
299   ktcg       1      9.798127  8.329725e-07
300   ganc       1      6.396930  8.329725e-07
301   gccy       1      7.495542  8.329725e-07
302   ccyc       1      6.802395  8.329725e-07
303   cyct       1     10.021271  8.329725e-07
304   aaak       1      3.401197  8.329725e-07
305   aakc       1      5.010635  8.329725e-07
306   akct       1      9.328123  8.329725e-07
307   caak       1      4.094345  8.329725e-07
308   kaga       1      5.598422  8.329725e-07
309   gtcy       1      9.692767  8.329725e-07
310   gtak       1      8.083329  8.329725e-07
311   takt       1     10.308953  8.329725e-07
312   akta       1      6.697034  8.329725e-07
313   acas       1      4.499810  8.329725e-07
314   asta       1      6.697034  8.329725e-07
315   staa       1      5.480639  8.329725e-07
316   gcay       1      5.886104  8.329725e-07
317   rgag       1      8.006368  8.329725e-07
318   agcy       1      7.207860  8.329725e-07
319   yata       1      6.697034  8.329725e-07
320   nnnv       1      0.000000  8.329725e-07
321   nnvc       1      1.386294  8.329725e-07
322   nvcc       1      3.583519  8.329725e-07
323   ytat       1     10.308953  8.329725e-07
324   ctck       1      8.999619  8.329725e-07
325   tcka       1      6.579251  8.329725e-07
326   ckag       1      7.313220  8.329725e-07
327   kagg       1      8.817298  8.329725e-07
328   ytag       1      8.699515  8.329725e-07
329   ttng       1     11.995352  8.329725e-07
330   tngg       1     10.896739  8.329725e-07
331   gnca       1      5.886104  8.329725e-07
332   agng       1      8.817298  8.329725e-07
333   ytcg       1      9.798127  8.329725e-07
334   tgrt       1     12.506177  8.329725e-07
335   grtt       1     12.911642  8.329725e-07
336   rttg       1     11.995352  8.329725e-07
337   ncca       1      5.192957  8.329725e-07
338   tgsy       1      6.068426  8.329725e-07
339   gsyt       1      6.473891  8.329725e-07
340   sytg       1      6.068426  8.329725e-07
341   gcak       1      5.886104  8.329725e-07
342   akat       1      8.229511  8.329725e-07
343   kata       1      6.697034  8.329725e-07
344   tgcv       1      9.287301  8.329725e-07
345   gcvc       1      7.495542  8.329725e-07
346   cvcc       1      6.802395  8.329725e-07
347   httn       1      7.167038  8.329725e-07
348   cwat       2      8.922658  1.598849e-06
349   gaar       2      4.787492  1.598849e-06
350   ttgy       2     11.995352  1.598849e-06
351   ggcw       2      8.594154  1.598849e-06
352   gcwa       2      5.886104  1.598849e-06
353   cwag       2      7.313220  1.598849e-06
354   wagc       2      7.207860  1.598849e-06
355   gnna       2      3.178054  1.598849e-06
356   aayc       2      5.010635  1.598849e-06
357   ayct       2      9.328123  1.598849e-06
358   tnnc       2      4.969813  1.598849e-06
359   acch       2      6.109248  1.598849e-06
360   ytct       2     11.407565  1.598849e-06
361   atan       2      6.697034  1.598849e-06
362   tnac       2      7.090077  1.598849e-06
363   gnnt       2      6.473891  1.598849e-06
364   antc       2      8.306472  1.598849e-06
365   ntcg       2      9.798127  1.598849e-06
366   nang       2      3.988984  1.598849e-06
367   agay       2      5.598422  1.598849e-06
368   gagy       2      8.006368  1.598849e-06
369   atnt       2     11.525348  1.598849e-06
370   ayag       2      6.620073  1.598849e-06
371   acna       2      4.499810  1.598849e-06
372   cnta       2      7.390181  1.598849e-06
373   tang       2      8.699515  1.598849e-06
374   cntg       2     10.609057  1.598849e-06
375   agnc       2      7.207860  1.598849e-06
376   gncc       2      7.495542  1.598849e-06
377   ccht       2     10.021271  1.598849e-06
378   chtt       2     12.218495  1.598849e-06
379   ttha       2      8.776476  1.598849e-06
380   thaa       2      5.480639  1.598849e-06
381   ctnc       2      8.999619  1.598849e-06
382   tncc       2      8.188689  1.598849e-06
383   aayt       2      8.229511  1.598849e-06
384   ytaa       2      5.480639  1.598849e-06
385   ctay       2      7.390181  1.598849e-06
386   ayca       2      4.499810  1.598849e-06
387   ycaa       2      4.094345  1.598849e-06
388   acay       2      4.499810  1.598849e-06
389   aytc       2      8.306472  1.598849e-06
390   ayaa       2      3.401197  1.598849e-06
391   yaaa       2      3.401197  1.598849e-06
392   gtkc       2      9.692767  1.598849e-06
393   kctg       2     10.609057  1.598849e-06
394   nant       2      5.087596  1.598849e-06
395   cnca       2      5.192957  1.598849e-06
396   nagc       2      7.207860  1.598849e-06
397   tkac       2      7.090077  1.598849e-06
398   kacc       2      6.109248  1.598849e-06
399   gatn       2      9.615805  1.598849e-06
400   cnaa       2      4.094345  1.598849e-06
401   tanc       2      7.090077  1.598849e-06
402   anct       2      9.328123  1.598849e-06
403   cngg       2      9.510445  1.598849e-06
404   raaa       2      3.401197  1.598849e-06
405   tcya       2      6.579251  1.598849e-06
406   cyaa       2      4.094345  1.598849e-06
407   acty       2      9.328123  1.598849e-06
408   acrc       2      6.109248  1.598849e-06
409   crcg       2      8.411833  1.598849e-06
410   rcgg       2      9.510445  1.598849e-06
411   agty       2     10.426736  1.598849e-06
412   gtyt       2     12.911642  1.598849e-06
413   ttty       2     13.604790  1.598849e-06
414   tyaa       2      5.480639  1.598849e-06
415   cast       2      8.922658  1.598849e-06
416   ggcy       2      8.594154  1.598849e-06
417   gcyt       2     10.714418  1.598849e-06
418   cytt       2     12.218495  1.598849e-06
419   ttgr       2     11.995352  1.598849e-06
420   grct       2     10.714418  1.598849e-06
421   tngc       2      9.287301  1.598849e-06
422   ttsc       2     10.385914  1.598849e-06
423   aaty       2      8.229511  1.598849e-06
424   taty       2     10.308953  1.598849e-06
425   tgan       2      7.677864  1.598849e-06
426   atgr       2      9.915910  1.598849e-06
427   atrc       2      8.306472  1.598849e-06
428   ggrt       2     11.813030  1.598849e-06
429   grtg       2     11.302204  1.598849e-06
430   rtgt       2     12.506177  1.598849e-06
431   caka       2      4.094345  1.598849e-06
432   akag       2      6.620073  1.598849e-06
433   tyag       2      8.699515  1.598849e-06
434   yatc       2      8.306472  1.598849e-06
435   aara       2      3.401197  1.598849e-06
436   caaw       2      4.094345  1.598849e-06
437   aawc       2      5.010635  1.598849e-06
438   awcc       2      6.109248  1.598849e-06
439   nnam       2      0.693147  1.598849e-06
440   nama       2      1.791759  1.598849e-06
441   cayc       2      5.703782  1.598849e-06
442   gsct       2     10.714418  1.598849e-06
443   sctg       2     10.609057  1.598849e-06
444   aanc       2      5.010635  1.598849e-06
445   ancg       2      7.718685  1.598849e-06
446   ngcn       2      4.276666  1.598849e-06
447   aagy       2      6.620073  1.598849e-06
448   ytga       2      7.677864  1.598849e-06
449   cgna       2      6.291569  1.598849e-06
450   aaar       2      3.401197  1.598849e-06
451   arga       2      5.598422  1.598849e-06
452   anat       2      8.229511  1.598849e-06
453   gcgn       2      9.104980  1.598849e-06
454   cggn       2      9.510445  1.598849e-06
455   cngc       2      7.901007  1.598849e-06
456   ccnt       2     10.021271  1.598849e-06
457   nggc       2      8.594154  1.598849e-06
458   tnat       2     10.308953  1.598849e-06
459   ytca       2      6.579251  1.598849e-06
460   anag       2      6.620073  1.598849e-06
461   tngt       2     12.506177  1.598849e-06
462   nccg       2      8.411833  1.598849e-06
463   yttg       2     11.995352  1.598849e-06
464   ktac       2      7.090077  1.598849e-06
465   ctgy       2     10.609057  1.598849e-06
466   tgya       2      7.677864  1.598849e-06
467   gngc       2      8.594154  1.598849e-06
468   aaka       2      3.401197  1.598849e-06
469   gnat       2      9.615805  1.598849e-06
470   ttna       2      8.776476  1.598849e-06
471   cgnt       2     11.119883  1.598849e-06
472   cnat       2      8.922658  1.598849e-06
473   cyag       2      7.313220  1.598849e-06
474   yagc       2      7.207860  1.598849e-06
475   gytc       2      9.692767  1.598849e-06
476   vcca       2      5.192957  1.598849e-06
477   ctnt       2     12.218495  1.598849e-06
478   aarg       3      6.620073  2.339400e-06
479   ygtt       3     12.911642  2.339400e-06
480   gnng       3      5.375278  2.339400e-06
481   ggng       3     10.203592  2.339400e-06
482   ngac       3      6.396930  2.339400e-06
483   ycta       3      7.390181  2.339400e-06
484   ntnt       3      7.167038  2.339400e-06
485   gccn       3      7.495542  2.339400e-06
486   cgnn       3      4.682131  2.339400e-06
487   angg       3      8.817298  2.339400e-06
488   ytta       3      8.776476  2.339400e-06
489   tgcr       3      9.287301  2.339400e-06
490   gcrc       3      7.495542  2.339400e-06
491   crcc       3      6.802395  2.339400e-06
492   rcca       3      5.192957  2.339400e-06
493   kctt       3     12.218495  2.339400e-06
494   aaya       3      3.401197  2.339400e-06
495   yagt       3     10.426736  2.339400e-06
496   acng       3      7.718685  2.339400e-06
497   cngt       3     11.119883  2.339400e-06
498   gnaa       3      4.787492  2.339400e-06
499   tgcn       3      9.287301  2.339400e-06
500   tcay       3      6.579251  2.339400e-06
501   cayg       3      7.313220  2.339400e-06
502   tayt       3     10.308953  2.339400e-06
503   atgy       3      9.915910  2.339400e-06
504   gytt       3     12.911642  2.339400e-06
505   yttc       3     10.385914  2.339400e-06
506   taya       3      5.480639  2.339400e-06
507   canc       3      5.703782  2.339400e-06
508   ntaa       3      5.480639  2.339400e-06
509   natc       3      8.306472  2.339400e-06
510   ayat       3      8.229511  2.339400e-06
511   cana       3      4.094345  2.339400e-06
512   ntcc       3      8.188689  2.339400e-06
513   naga       3      5.598422  2.339400e-06
514   nncc       3      3.583519  2.339400e-06
515   nctc       3      8.999619  2.339400e-06
516   nacc       3      6.109248  2.339400e-06
517   gcng       3      9.104980  2.339400e-06
518   nncg       3      4.682131  2.339400e-06
519   gtcn       3      9.692767  2.339400e-06
520   cacr       3      5.703782  2.339400e-06
521   caty       3      8.922658  2.339400e-06
522   atyg       3      9.915910  2.339400e-06
523   tygt       3     12.506177  2.339400e-06
524   yaat       3      8.229511  2.339400e-06
525   ygta       3      8.083329  2.339400e-06
526   tyta       3      8.776476  2.339400e-06
527   atcn       3      8.306472  2.339400e-06
528   ntca       3      6.579251  2.339400e-06
529   tyat       3     10.308953  2.339400e-06
530   ytac       3      7.090077  2.339400e-06
531   aggr       3      8.817298  2.339400e-06
532   tgrc       3      9.287301  2.339400e-06
533   ngcg       3      9.104980  2.339400e-06
534   ytgg       3     10.896739  2.339400e-06
535   agyt       3     10.426736  2.339400e-06
536   gyta       3      8.083329  2.339400e-06
537   gant       3      9.615805  2.339400e-06
538   rctg       3     10.609057  2.339400e-06
539   araa       3      3.401197  2.339400e-06
540   aang       3      6.620073  2.339400e-06
541   angt       3     10.426736  2.339400e-06
542   tgam       3      7.677864  2.339400e-06
543   atty       3     11.525348  2.339400e-06
544   ttgs       3     11.995352  2.339400e-06
545   tgay       3      7.677864  2.339400e-06
546   ngcc       3      7.495542  2.339400e-06
547   cgcn       3      7.901007  2.339400e-06
548   nagg       3      8.817298  2.339400e-06
549   tgna       3      7.677864  2.339400e-06
550   gcan       3      5.886104  2.339400e-06
551   gggn       3     10.203592  2.339400e-06
552   ngnt       3      6.473891  2.339400e-06
553   gntc       3      9.692767  2.339400e-06
554   gtnc       4      9.692767  3.063505e-06
555   aacy       4      5.010635  3.063505e-06
556   cyac       4      5.703782  3.063505e-06
557   catn       4      8.922658  3.063505e-06
558   attn       4     11.525348  3.063505e-06
559   haac       4      5.010635  3.063505e-06
560   tnta       4      8.776476  3.063505e-06
561   tant       4     10.308953  3.063505e-06
562   tnnt       4      7.167038  3.063505e-06
563   tnna       4      3.871201  3.063505e-06
564   nann       4      0.693147  3.063505e-06
565   annt       4      5.087596  3.063505e-06
566   tcgn       4      9.798127  3.063505e-06
567   ncnn       4      1.386294  3.063505e-06
568   ngnn       4      2.079442  3.063505e-06
569   gtan       4      8.083329  3.063505e-06
570   anta       4      6.697034  3.063505e-06
571   gayt       4      9.615805  3.063505e-06
572   gttn       4     12.911642  3.063505e-06
573   natg       4      9.915910  3.063505e-06
574   tcan       4      6.579251  3.063505e-06
575   tkct       4     11.407565  3.063505e-06
576   cntt       4     12.218495  3.063505e-06
577   ncct       4     10.021271  3.063505e-06
578   cctn       4     10.021271  3.063505e-06
579   aytg       4      9.915910  3.063505e-06
580   aygt       4     10.426736  3.063505e-06
581   ttay       4      8.776476  3.063505e-06
582   cayt       4      8.922658  3.063505e-06
583   cnnt       4      5.780744  3.063505e-06
584   ctcn       4      8.999619  3.063505e-06
585   anca       4      4.499810  3.063505e-06
586   ccay       4      5.192957  3.063505e-06
587   yatt       4     11.525348  3.063505e-06
588   ngag       4      8.006368  3.063505e-06
589   anac       4      5.010635  3.063505e-06
590   ncgt       4     11.119883  3.063505e-06
591   ccan       4      5.192957  3.063505e-06
592   tyac       4      7.090077  3.063505e-06
593   yact       4      9.328123  3.063505e-06
594   atyt       4     11.525348  3.063505e-06
595   gtng       4     11.302204  3.063505e-06
596   tytt       4     13.604790  3.063505e-06
597   tacw       4      7.090077  3.063505e-06
598   acwt       4      9.328123  3.063505e-06
599   cwtc       4      8.999619  3.063505e-06
600   ggwg       4     10.203592  3.063505e-06
601   gwga       4      6.984716  3.063505e-06
602   wgat       4      9.615805  3.063505e-06
603   atgs       4      9.915910  3.063505e-06
604   gsca       4      5.886104  3.063505e-06
605   scac       4      5.703782  3.063505e-06
606   gama       4      4.787492  3.063505e-06
607   ngat       4      9.615805  3.063505e-06
608   antg       4      9.915910  3.063505e-06
609   gntg       4     11.302204  3.063505e-06
610   agnt       4     10.426736  3.063505e-06
611   ngca       4      5.886104  3.063505e-06
612   tnca       5      6.579251  3.775381e-06
613   acya       5      4.499810  3.775381e-06
614   yaca       5      4.499810  3.775381e-06
615   ctna       5      7.390181  3.775381e-06
616   naag       5      6.620073  3.775381e-06
617   ncac       5      5.703782  3.775381e-06
618   antt       5     11.525348  3.775381e-06
619   tggn       5     10.896739  3.775381e-06
620   tgnt       5     12.506177  3.775381e-06
621   accn       5      6.109248  3.775381e-06
622   atna       5      6.697034  3.775381e-06
623   nncn       5      1.386294  3.775381e-06
624   nngn       5      2.079442  3.775381e-06
625   tntg       5     11.995352  3.775381e-06
626   agcn       5      7.207860  3.775381e-06
627   cacn       5      5.703782  3.775381e-06
628   tgyt       5     12.506177  3.775381e-06
629   ngta       5      8.083329  3.775381e-06
630   ncat       5      8.922658  3.775381e-06
631   ttcn       5     10.385914  3.775381e-06
632   wtca       5      6.579251  3.775381e-06
633   nttc       5     10.385914  3.775381e-06
634   aggw       5      8.817298  3.775381e-06
635   tytg       5     11.995352  3.775381e-06
636   ttya       5      8.776476  3.775381e-06
637   ctty       5     12.218495  3.775381e-06
638   gaty       5      9.615805  3.775381e-06
639   atya       5      6.697034  3.775381e-06
640   ttyt       5     13.604790  3.775381e-06
641   actn       5      9.328123  3.775381e-06
642   ggtn       5     11.813030  3.775381e-06
643   nata       6      6.697034  4.477511e-06
644   aagn       6      6.620073  4.477511e-06
645   aant       6      8.229511  4.477511e-06
646   aytt       6     11.525348  4.477511e-06
647   tacn       6      7.090077  4.477511e-06
648   acnt       6      9.328123  4.477511e-06
649   ytgt       6     12.506177  4.477511e-06
650   ngtc       6      9.692767  4.477511e-06
651   tccn       6      8.188689  4.477511e-06
652   atgn       6      9.915910  4.477511e-06
653   nggt       6     11.813030  4.477511e-06
654   tgsc       6      9.287301  4.477511e-06
655   maaa       6      3.401197  4.477511e-06
656   ntgg       6     10.896739  4.477511e-06
657   ntat       7     10.308953  5.171537e-06
658   caay       7      4.094345  5.171537e-06
659   ttnt       7     13.604790  5.171537e-06
660   ctgn       7     10.609057  5.171537e-06
661   ggan       7      6.984716  5.171537e-06
662   ngga       7      6.984716  5.171537e-06
663   gtgn       7     11.302204  5.171537e-06
664   ntgc       7      9.287301  5.171537e-06
665   ntga       7      7.677864  5.171537e-06
666   nctt       7     12.218495  5.171537e-06
667   ntct       7     11.407565  5.171537e-06
668   gtnt       7     12.911642  5.171537e-06
669   yttt       7     13.604790  5.171537e-06
670   nnag       7      3.988984  5.171537e-06
671   ngaa       7      4.787492  5.171537e-06
672   amaa       7      3.401197  5.171537e-06
673   ntac       7      7.090077  5.171537e-06
674   ngct       8     10.714418  5.858625e-06
675   caan       8      4.094345  5.858625e-06
676   agan       8      5.598422  5.858625e-06
677   ntag       8      8.699515  5.858625e-06
678   ntta       8      8.776476  5.858625e-06
679   anna       8      1.791759  5.858625e-06
680   nttg       8     11.995352  5.858625e-06
681   nnan       8      0.693147  5.858625e-06
682   ntnn       8      2.772589  5.858625e-06
683   ggcn       8      8.594154  5.858625e-06
684   ncta       8      7.390181  5.858625e-06
685   nctg       8     10.609057  5.858625e-06
686   gacn       8      6.396930  5.858625e-06
687   cttn       8     12.218495  5.858625e-06
688   naat       8      8.229511  5.858625e-06
689   ncag       8      7.313220  5.858625e-06
690   ntgt       8     12.506177  5.858625e-06
691   tatn       9     10.308953  6.539647e-06
692   tgtn       9     12.506177  6.539647e-06
693   acan       9      4.499810  6.539647e-06
694   tctn       9     11.407565  6.539647e-06
695   tagn       9      8.699515  6.539647e-06
696   gctn       9     10.714418  6.539647e-06
697   aatn       9      8.229511  6.539647e-06
698   taan       9      5.480639  6.539647e-06
699   nntn       9      2.772589  6.539647e-06
700   nntc       9      4.969813  6.539647e-06
701   agtn       9     10.426736  6.539647e-06
702   gtnn       9      6.473891  6.539647e-06
703   tana       9      5.480639  6.539647e-06
704   anan      10      1.791759  7.215281e-06
705   tnaa      10      5.480639  7.215281e-06
706   nngg      10      5.375278  7.215281e-06
707   ggnt      10     11.813030  7.215281e-06
708   ctan      10      7.390181  7.215281e-06
709   nana      11      1.791759  7.886066e-06
710   nact      11      9.328123  7.886066e-06
711   tntt      11     13.604790  7.886066e-06
712   ncaa      12      4.094345  8.552445e-06
713   ttgn      12     11.995352  8.552445e-06
714   ccnn      12      3.583519  8.552445e-06
715   naac      12      5.010635  8.552445e-06
716   ngtg      12     11.302204  8.552445e-06
717   ngtt      13     12.911642  9.214786e-06
718   cann      13      2.484907  9.214786e-06
719   nngc      13      4.276666  9.214786e-06
720   aacn      13      5.010635  9.214786e-06
721   tcnn      13      4.969813  9.214786e-06
722   nntg      13      6.068426  9.214786e-06
723   gann      14      3.178054  9.873401e-06
724   ggnn      14      5.375278  9.873401e-06
725   nnta      15      3.871201  1.052856e-05
726   natt      15     11.525348  1.052856e-05
727   tttn      15     13.604790  1.052856e-05
728   gaan      15      4.787492  1.052856e-05
729   gntt      15     12.911642  1.052856e-05
730   cagn      15      7.313220  1.052856e-05
731   nnga      16      3.178054  1.118048e-05
732   gcnn      16      4.276666  1.118048e-05
733   atnn      17      5.087596  1.182938e-05
734   aana      17      3.401197  1.182938e-05
735   gagn      17      8.006368  1.182938e-05
736   aggn      17      8.817298  1.182938e-05
737   nntt      17      7.167038  1.182938e-05
738   ttan      17      8.776476  1.182938e-05
739   aaan      18      3.401197  1.247543e-05
740   ctnn      18      5.780744  1.247543e-05
741   naca      18      4.499810  1.247543e-05
742   anaa      18      3.401197  1.247543e-05
743   tann      18      3.871201  1.247543e-05
744   nnca      19      2.484907  1.311879e-05
745   acnn      20      2.890372  1.375960e-05
746   ttnn      21      7.167038  1.439799e-05
747   nnat      21      5.087596  1.439799e-05
748   aann      22      1.791759  1.503407e-05
749   tgnn      23      6.068426  1.566796e-05
750   nnct      24      5.780744  1.629974e-05
751   nnac      26      2.890372  1.755732e-05
752   nngt      29      6.473891  1.942990e-05
753   nttt      31     13.604790  2.066983e-05
754   nnaa      40      1.791759  2.617727e-05
755   agnn      40      3.988984  2.617727e-05
756   naaa      48      3.401197  3.098916e-05
757   nnnt      49      2.772589  3.158587e-05
758   nnnc      50      1.386294  3.218159e-05
759   annn      58      0.693147  3.691400e-05
760   cnnn      60      1.386294  3.808845e-05
761   tnnn      64      2.772589  4.042776e-05
762   nnng      70      2.079442  4.391426e-05
763   gnnn      77      2.079442  4.795049e-05
764   nnna      90      0.693147  5.536648e-05
765   nnnn    4460      0.000000  1.901184e-03
766   cggg    9922     15.348175  3.845508e-03
767   ccgg    9935     14.249563  3.849917e-03
768   cgag   11764     12.129300  4.462460e-03
769   cgcg   12902     13.738737  4.836479e-03
770   cccg   12976     12.640125  4.860627e-03
771   cgcc   12995     11.792827  4.866824e-03
772   cccc   13751     10.694215  5.112323e-03
773   gcgg   13908     14.942710  5.163050e-03
774   gggg   14811     16.041323  5.453176e-03
775   tccg   14844     14.026420  5.463727e-03
776   cgac   15018     10.183389  5.519302e-03
777   cgga   15921     11.456355  5.806172e-03
778   ccga   16763     10.357743  6.071426e-03
779   gccc   16910     11.387362  6.117523e-03
780   gccg   16940     13.333272  6.126922e-03
781   gcgc   16998     12.996800  6.145088e-03
782   ggcg   19005     14.431885  6.767996e-03
783   ccgc   19985     12.303653  7.068356e-03
784   gcga   20004     11.050890  7.074156e-03
785   cggc   20890     13.402265  7.343660e-03
786   atcg   20922     14.144203  7.353360e-03
787   gtcg   20927     15.530497  7.354875e-03
788   tcga   21701     11.744037  7.588754e-03
789   tcgg   21892     15.635857  7.646261e-03
790   agcg   21998     13.045590  7.678141e-03
791   cgtc   22042     15.011703  7.691367e-03
792   tcgc   26002     13.689947  8.865243e-03
793   ccgt   26914     16.195473  9.131279e-03
794   cgct   28010     15.684648  9.449014e-03
795   tccc   28277     12.080509  9.526101e-03
796   accg   28835     11.946978  9.686811e-03
797   cggt   28891     17.294086  9.702911e-03
798   ggtc   28970     15.704850  9.725614e-03
799   gacg   28972     12.234660  9.726188e-03
800   acgg   29888     13.556416  9.988671e-03
801   gggc   30994     14.095412  1.030379e-02
802   ctcc   30995     12.891440  1.030408e-02
803   cgat   31596     14.075210  1.047451e-02
804   ctcg   31807     14.837350  1.053421e-02
805   ggcc   31905     12.485975  1.056191e-02
806   ggga   32628     12.149502  1.076587e-02
807   acgc   33821     11.610506  1.110073e-02
808   tgcg   33969     15.125032  1.114213e-02
809   acga   35943      9.664596  1.169135e-02
810   cgaa   36032      8.237479  1.171599e-02
811   gcgt   36965     16.888620  1.197362e-02
812   ttcg   37853     16.223644  1.221777e-02
813   ccca   38215      8.748305  1.231701e-02
814   cacg   40735     11.541513  1.300332e-02
815   cgta   40977     13.065793  1.306882e-02
816   tcgt   41969     17.581768  1.333661e-02
817   cgca   42895      9.846917  1.358556e-02
818   cgtt   44928     18.903523  1.412875e-02
819   aacg   45084     10.848366  1.417025e-02
820   gtcc   46826     13.584587  1.463185e-02
821   agcc   47572     11.099680  1.482856e-02
822   tacg   48836     12.927807  1.516058e-02
823   ggat   49173     14.768357  1.524883e-02
824   ccct   49751     14.586035  1.539993e-02
825   atcc   50938     12.198292  1.570923e-02
826   gagc   53121     11.898188  1.627457e-02
827   aggg   53387     14.655028  1.634316e-02
828   gctc   53955     14.606238  1.648940e-02
829   cctc   53975     13.913091  1.649455e-02
830   gacc   54859     10.288750  1.672156e-02
831   gggt   55677     17.987233  1.693101e-02
832   accc   55757     10.001068  1.695146e-02
833   tggg   55996     16.734470  1.701253e-02
834   tagg   58133     14.537245  1.755641e-02
835   gatc   59555     13.507626  1.791620e-02
836   aggc   60772     12.709118  1.822282e-02
837   cgtg   61876     16.957613  1.849994e-02
838   ggag   62291     12.822447  1.860387e-02
839   acgt   63972     15.502326  1.902347e-02
840   gagg   64802     13.844098  1.922986e-02
841   cctg   66856     15.859001  1.973840e-02
842   ggac   69806     10.876537  2.046347e-02
843   cagc   70790     11.205041  2.070397e-02
844   gcct   74886     15.279183  2.169805e-02
845   tatc   75906     14.200773  2.194389e-02
846   agtc   76109     14.318556  2.199274e-02
847   tctc   77640     15.299385  2.236030e-02
848   gcca   77669      9.441452  2.236725e-02
849   gcat   77909     13.669745  2.242473e-02
850   ggca   78912     10.540064  2.266457e-02
851   tcct   78986     15.972330  2.268224e-02
852   ccag   79343     11.030687  2.276745e-02
853   gaga   79418      9.952278  2.278534e-02
854   ttcc   79487     14.277734  2.280179e-02
855   gcag   80683     11.723834  2.308656e-02
856   tagc   80816     12.591335  2.311817e-02
857   gata   81010     11.561716  2.316427e-02
858   ccac   81714      9.084777  2.333135e-02
859   ccat   83741     12.976597  2.381080e-02
860   cagg   84322     13.150951  2.394778e-02
861   agca   85802      9.153770  2.429585e-02
862   tcca   86028     10.134599  2.434889e-02
863   agga   88552     10.763208  2.493933e-02
864   ctag   88745     13.227912  2.498434e-02
865   tgag   89963     13.515594  2.526789e-02
866   atag   91213     12.534765  2.555806e-02
867   ctct   92511     16.783260  2.585849e-02
868   ggct   92727     16.377795  2.590840e-02
869   tgcc   93933     13.179122  2.618661e-02
870   gtat   93959     15.866969  2.619260e-02
871   catc   94087     12.814479  2.622209e-02
872   gaac   94808      8.679312  2.638800e-02
873   aagc   94995     10.511894  2.643099e-02
874   gttc   94996     16.803463  2.643122e-02
875   gcac   97705      9.777924  2.705199e-02
876   gagt   97809     15.790008  2.707575e-02
877   cacc   97830      9.595603  2.708055e-02
878   gact   97905     14.180570  2.709768e-02
879   gtca   97998     11.638677  2.711891e-02
880   ggaa   98682      8.930626  2.727497e-02
881   ctgg   99949     16.446788  2.756345e-02
882   actc  100588     13.219944  2.770864e-02
883   gtct  102797     17.476407  2.820907e-02
884   taag  102978     11.318369  2.824997e-02
885   ccta  104004     11.967181  2.848153e-02
886   tacc  106198     10.981897  2.897505e-02
887   agta  106588     12.372646  2.906255e-02
888   tctg  106698     17.245295  2.908722e-02
889   ccaa  107143      7.138867  2.918695e-02
890   atac  108454     10.588855  2.948024e-02
891   cata  108475     10.868568  2.948493e-02
892   aatc  108720     12.121331  2.953966e-02
893   tggc  109902     14.788560  2.980329e-02
894   atat  110851     14.480675  3.001451e-02
895   tcac  110914     10.471072  3.002852e-02
896   ctgc  111382     14.500878  3.013253e-02
897   gtgc  112697     15.194025  3.042426e-02
898   gtgg  113848     17.139935  3.067900e-02
899   aacc  114144      8.902456  3.074442e-02
900   cagt  114695     15.096861  3.086609e-02
901   gcaa  114873      7.832014  3.090537e-02
902   tcag  115465     12.416982  3.103592e-02
903   ctga  116942     12.554967  3.136098e-02
904   cctt  117286     17.804911  3.143656e-02
905   gtag  117459     13.921059  3.147455e-02
906   agac  117942      9.490242  3.158055e-02
907   aagg  119145     12.457804  3.184415e-02
908   caag  119874      9.932075  3.200360e-02
909   ggta  120494     13.758940  3.213904e-02
910   catg  120570     14.760389  3.215563e-02
911   gaat  121443     12.571132  3.234605e-02
912   aggt  123659     16.600938  3.282805e-02
913   gtaa  125414     10.029239  3.320842e-02
914   ctac  126381     11.282002  3.341749e-02
915   tcat  127300     14.362892  3.361585e-02
916   ttag  128362     14.614206  3.384467e-02
917   gatt  128718     17.399446  3.392128e-02
918   atct  129633     16.090113  3.411797e-02
919   cttc  129990     16.110315  3.419463e-02
920   gtac  130724     11.975149  3.435208e-02
921   ctca  130845     10.945529  3.437802e-02
922   agag  131169     11.436152  3.444745e-02
923   attc  132976     15.417168  3.483394e-02
924   taac  134280      9.372459  3.511211e-02
925   gtga  134616     13.248115  3.518369e-02
926   tgac  136229     11.569684  3.552673e-02
927   atca  136777     10.252382  3.564307e-02
928   tata  137302     12.254863  3.575442e-02
929   tagt  137869     16.483155  3.587457e-02
930   acct  138473     13.892888  3.600244e-02
931   gcta  138736     12.660328  3.605808e-02
932   tgtc  141423     16.397998  3.662514e-02
933   tgga  142850     12.842649  3.692528e-02
934   tcta  142859     13.353475  3.692717e-02
935   aata  143505     10.175421  3.706282e-02
936   agct  144342     14.991500  3.723836e-02
937   agtg  145503     16.264466  3.748147e-02
938   ggtt  146129     19.596671  3.761236e-02
939   taga  148860     10.645425  3.818189e-02
940   agat  149891     13.382063  3.839627e-02
941   acca  150022      8.055158  3.842348e-02
942   gaag  151875     10.625222  3.880783e-02
943   atgc  152757     13.807730  3.899039e-02
944   caca  155739      7.649693  3.960580e-02
945   aagt  155972     14.403714  3.965377e-02
946   actg  156857     15.165854  3.983582e-02
947   tttc  157050     17.496610  3.987548e-02
948   gaca  157076      8.342840  3.988083e-02
949   ggtg  157632     17.650761  3.999504e-02
950   ataa  159800      8.642944  4.043946e-02
951   acag  160707     10.337540  4.062497e-02
952   catt  160872     16.706299  4.065869e-02
953   gctt  163394     18.498058  4.117308e-02
954   gctg  163445     16.552148  4.118346e-02
955   cact  163539     13.487423  4.120260e-02
956   tgca  163564     11.233212  4.120768e-02
957   ttgg  165047     17.833082  4.150920e-02
958   ctgt  165592     18.392698  4.161985e-02
959   gaaa  165798      6.733402  4.166165e-02
960   caga  166389      9.259131  4.178150e-02
961   acac  167509      8.391630  4.200835e-02
962   cttg  167766     18.056226  4.206035e-02
963   gatg  169069     15.453536  4.232372e-02
964   ttgc  169087     15.887172  4.232735e-02
965   ctat  169690     15.173822  4.244906e-02
966   acta  172859     11.274034  4.308701e-02
967   ctaa  173641      9.336092  4.324400e-02
968   atgg  174877     15.753641  4.349178e-02
969   caat  175853     11.877985  4.368714e-02
970   agtt  178135     18.210376  4.414289e-02
971   gtta  179044     14.857552  4.432404e-02
972   ttca  183006     12.331824  4.511101e-02
973   atga  186296     11.861820  4.576134e-02
974   tgtg  186352     18.343908  4.577238e-02
975   attg  189051     17.363078  4.630375e-02
976   ctta  189127     14.164405  4.631868e-02
977   gtgt  190194     19.085845  4.652821e-02
978   aaac  190629      7.293018  4.661355e-02
979   ttga  190812     13.941262  4.664943e-02
980   caac  193170      7.986165  4.711109e-02
981   tgaa  194777      9.623774  4.742491e-02
982   tcaa  194949      8.525161  4.745846e-02
983   acat  195057     12.283450  4.747952e-02
984   aact  198326     12.794276  4.811570e-02
985   tgta  199492     14.452087  4.834199e-02
986   tatg  199831     16.146683  4.840771e-02
987   gttg  202871     18.749373  4.899588e-02
988   aaag  204059      9.238928  4.922513e-02
989   agaa  204460      7.544332  4.930244e-02
990   tgat  207688     15.461504  4.992336e-02
991   tatt  208134     18.092593  5.000896e-02
992   aaga  208699      8.565983  5.011733e-02
993   atgt  208981     17.699551  5.017139e-02
994   caaa  211779      6.040255  5.070680e-02
995   tctt  212407     19.191206  5.082673e-02
996   tact  213843     14.873717  5.110061e-02
997   ttct  214665     18.169554  5.125718e-02
998   taat  217131     13.264280  5.172596e-02
999   atta  217844     13.471258  5.186125e-02
1000  gttt  222219     20.695283  5.268893e-02
1001  attt  231630     19.308989  5.445531e-02
1002  aatg  233381     14.067242  5.478190e-02
1003  taca  238816      9.035987  5.579157e-02
1004  ttac  242111     12.668296  5.640077e-02
1005  actt  243372     17.111764  5.663333e-02
1006  aaat  244826     11.184838  5.690110e-02
1007  tggt  244979     18.680380  5.692925e-02
1008  ttat  246656     16.560116  5.723752e-02
1009  cttt  249584     20.002136  5.777442e-02
1010  tgct  254456     17.070942  5.866411e-02
1011  aaca  255364      6.956545  5.882943e-02
1012  aaaa  256842      5.347108  5.909818e-02
1013  ttaa  257615     10.722386  5.923857e-02
1014  tttg  257696     19.442520  5.925328e-02
1015  taaa  262175      7.426549  6.006450e-02
1016  aatt  273630     16.013152  6.212249e-02
1017  acaa  283723      6.445720  6.391652e-02
1018  ttta  288706     15.550700  6.479580e-02
1019  ttgt  292432     19.778992  6.545055e-02
1020  tttt  301359     21.388430  6.700995e-02
1021  tgtt  329895     20.289818  7.191064e-02